98 ΙΠ. INDEX VERBORUM

1141166169111 funditus 6211 6311 7611 [6611 6111
[6811] fundo 6011 7411 1111]
formo 1611 261 [7911] gloriosus 1011 36 11
[6111111 6611] 1111111141161111 6611

, 01111112316 3311 61161 1716 2910 gradus 709

801 2112311971 3911 81111112311171 36
fortis -16 11 4011 64 6011661167116811 11 6911
117611[621168111111411611711811111718111112
761 1181111911611 112911211411
fra 'is 741 19112111161 30162113311341
fragilitas 61 1ο 441 [1111161] 1411 461 46111
63116611 furiosus 61 47148160111681
6113160116011611 furo 1611111 1711 11 6111 6611 7811
frater 4111111 1711 furor 1611 2411 381 [691]

1711 8111 [4411 43116616411 18 1111111111111
811] 11 801 11111 4611
1111111112711811 furtivus 6011 {gressus 6611]
fraudulentus 7911 [fusilia 7616] grex 2611 2811 3011
fraus 171 36116011 1111111211 111 28 guberno 861

691 116611461711 [3111114611]

[1111110 6910] [gutta 6911]

· 1111111111 67 11 6811 Gaudeo 611711118 [1111111461

7911 11291641167111 gymnasium 1711
frons *671 [8011] 686 [4911] gypsum 16 11

fructus 911 611 41 gaudium 621 [4911]

116011 gehenna 601 [76 11] Η16116111161101
fruges 61111111111 gemitus 1011 16117111231111
118111111111111 genero 611631*421 16113611431146
91111211132131116616111311 1166116811601
111111 [6111 8111131 6216611 6611161[461149
frumentum 91 211 7611 [69 11 641 741 11 6311641711111
fruor 681 76118111] 74111761117711
frustra 611 69 11 genu 79 1 89 16]
111117111811 genusne 1411611 [6161111111111811]
fugiendus 1211 161 11 111 11 1611 [1111111 6111]
113119117111126 111124113211961 1111116611
1130116116611 67114616616011 haurio 1411 4611
781 6611 661111 691 6611

fugitivus 612 701 781111 801 6161111101
61111011 [63 *1] hic pron. 111 31 4
1118111611 [761] 811164114111601 *111611111116
fulmino 6011 [gigans 4811] 111111 7111111
[1111118011] gigno 1111[6411] 111’11111111119
fundamentum 6011 gladius 191 8111 111111111111111
6211661601110 [6916311681821] 10111111111111
11[6011] 366147116616611 1211111111) 161

 

