111 11111111 1111101111 113

1111 111 72111414 sector 3014 1111111411 1171122
1111111111 131 [46 111113111611] 1 3011 184116911
11721] secundus 7714] 1111111241 321[11·
sanitae 61 1811401 securis 761 11 63141171141411]
831 securus 111 septemtrion 1211
11111181[171] , 1118141141181111111111111321
1111111311 421731 11311111121111 septimus 111
-11111111011 16111171111311111111111161831,
2113711 201121111111122 1111111111171111
1111114911 1123142411211126 164
111111114411711114 1111 2811 301 32 sequor 18111 1311
sapor 701 11331361141111 2112814 8711 441
satelles 111111 371114891111411 4111114614 4911
1111111711 4214114811111 101113116716611
11111111201671 11160466116911 711 1111 7817911
satyrus 281 11113117311811 serenus 1211
saxum 181181 · [31149111311] 1111111711 19111123
11111117113013111 [11111641111117111] 14 2111 3111 1211
11111701 1111111114011441 34141114311614
sceleratus 111414 17 6011 1411 [111] 1111 4111

14 134 23112111 *1111114111 111111112116811
331181170117211 seges 91 11 [9]
111111121116111113111116914 serpo 2016711
111111 181 11 2311 1111111111 62116411 11111111110111211
301 1 3611 11414 semel 4011 111112611 331131
1117116711731 111116111181114 9[4141611771
1111111111 11116211 11181117112311 801811111]
1111111111614 3217814 11111111311391131
scio 11111321133 1111111611 111111612611321
11 1111 6211 671 semivir 1711 3614113113811331
1163111784[7141111111113111121111114111 [4411
1111] scitum 1611 11171131113714 4311]

11111111 2011 [7114] 3314 441 1811 64 1111111111 7811 791
scorpio 111 116911170111111 80181111
mortum 2611 8211 1111 severus 411 1811131
scribo 491 7711 80 1111111111 6711 28111 3811 3311
11 [1111] 1111111191 7011 Of. ad 3611
scriptum 6111 senex 184- [senior sexus 1011 121 1711
scrutor 8611 1111 11] si 101 1211 1411111
sculpo 1411 111111114811 2314 2411 214111
[1111141111 7621] sententia 19111 36 26111 2811 29114
secretus 431 11111- 11881168117011 1111118614014
1111311111614173180148111 47114111661111
1411 26111114 31 sentio 821111 [111] 681411 741 78111
1143111011111 separatione 8111 [3411 4611
1611314 1111116114111311 6018111821]

Firminus 1111111111 1112113111. 8

 

