111. INDEX VERBORUM 93

19162116 241626 66 776111616 66 66161626

16 2726 2816 61 29 1164 8116] 661111166616681
1611 602 6411 69 6661111262616 depascor 6616

16 6916 6411 761616 debeo 914 126 266 666161666666168121
cupio 72 2111 291 21 9811 64146616 6661166161262611
6667626 7412 78414 descendo 616 6212
611761816 91614 66111116 692 6616 *762 [496]
1266 26441 26 docento 17163114 66661611141616266
11666 6667816 66661166 4716 686 8216
61164911661 666611619621661 desiderium 16616 16
[curatio 4816] 116466461761186 21286

61116212 666 676 “ 1481218216 66616616 27112816
curo 2116 6916 796 [decido 691] 291116 691611
[curro 4814] decimus 4822 *611 6661116 796
6111662416116 decipio 174 67616 desperatio 186 2026
611612 2616 4612 411 666 67116616 664 2916 6921 6116
611 681 6916 76147211 despero 1116 619
[6111679141 6661616 4611 7616 desum 1661962116
66616616 2911 6666616611626 244 66166716
66616616 146 6216 66661666 4711 6916 desuper 266
69177116 [decursio 4616] detego 1616 1616
616166 161616 8211 666666161616 ] 1816 61 2611 6626
611161611 · 6666616 1714 241] 3116 4216
cygnus 2721 7616 6616 61111 616 71

cymbalum 17 6 4616 [666166 696] d 111116 816 91116
[61116167166] defendo 2216 2914 ¹ 1616111611111416
66161661611966 Ι 16 1216 176 2266

6616161616 1821 161 296611 24611 16 21
Daemon 6664791 deficio 6166611 Ι1426 26 2641616
daemonium 2614 [76 66116666 76 662 6161 26 1 4 1 27 *11 16 21
11] 4426 4 281111611291166
damno 1116 6616 deforme 646 Ι 6924 3116141662
6611 7811 dehinc 4211 1411 16 69611 16 61
damnum 966 66161661666 6116641116 66696
667112161961666111667141111611 214 67616 6816 99
201121116221611 4616716 , 141146*16114266
241614 66146 96 6616116166 i 44114 461114 66
16 9416 681 4616 delectatio 1611 ¹ 11 16 6126 6611 64
1611461149166 6616616 111 2716] 1116 666111616
16621666 66667 2866911 γ6716681111666
16 684 666 8611 66166 9916 6111416 6121624
6616 6611 691114 6611611116 1616 1111 64166611 66
161676216 71176 deliciae 666 1 66111111666616
16 794 811 [4411 delubrum 6716 i 16211616 681111
481116161616496 demergo 12164711] 161626 6916 76
6216916 6616 71 denego 4669214 [6616111621 711

 

