111. INDEX VERBORUM 105

1111112611 261667 11811717 8217[64 111171111141124
7611 11 7611 8011] ·- 11111671311133
11111114111[7311] nequo 1717 3211 113911404[6311
myrra 701[6911] 6211 [7311111117 801]
11111111114114911 741 7671111 761 111111011211161
111] [16111191112111
Nam 61 917 1011 necessarius 3611 ' 22·’11 241126111
(11161118111911 11111111 911 141111 261111 32111114
2012211137131 6817 ῑ11361113711381
111 331 3411361 111111111133116017] 11 401 41111111
3711391681667 781811 117114214714911
1111 1111111111] [ 11111111111411
nanciscor 1614 nefarius 111 2311 6811 ,6911 6711
narcissus 201 2917 461167147011 681711721791
[nares 7311] nefas 3811691 [61166116111641]
11111118111311201 neglego 611 nomino 4111
221431471681111181111 ’111111 81111 91411
661[6611] 1111120117111[7311] 1011114161117
[natio 71179147711] nempe 2811 11191121112211
[nativitas 7111] 1111111111 3311 1 23112611301131
11111417 111111111116617811 14 3611 36111114
[1111114811] 1111111311711107 11 3811 4011467
1111111111111 11112613013411 47111621166167
1141111 36160116211 116811601111611
111111111111311231 11111611 161111 16Ι 681721173117617
navis 211111 112617 271 2811 11791[361461111
16101121161117 ’6811 46111411481149
11 261 271 3211 1113111181 ‚ 116116311117111
34136136111111116117141111311117417111 76111
19111114 4611 60 3313413714611 1111111111761111
11116616717211 661661111111111] 771717811791111
741 7811111111 111169111[6211’ 81111111118211]
14 79111 8011 [61 7611] [1111811111111111
1176118011] [nimis 6111] *nonaginta 1117
1ιέ 31111 3617 6611 nimius 81 ἱ11111111111130116611
7011 nisi 71111 1011 1411111 1211 1414 2611
111611111111 71 14 264 331 3411 3013211111 344
8119111111147 38114811661[46ι 3711421481111
1611711181119 11761] 111491601166711
11111112071111[11116311] 6911116216311
111121111112211111411 [64116611671687
2311 241111 2611 nobilis 1711 1 11 71111 731114
281111361141137 noceo 341 1 7614 791 [611111
11 381 4614 461 [1111111761] ξ 721]
477116711 6811 nocturnus 2111411 1111191771 2611
66116711117611 714 , 771[821]

 

