III. INDEX VERBORUM 99

111116111117111 111 37111138139 iactura 141
16111911111120 11111114011111111261136113611
11 2111 22111133 4111111 4311111 1111 7611 7811
111112411111111 441*14611146111111116011621
11211126411271 11471631111411111111012713611
1111111113611291 67111181111111 4114411461146
311111321111111 111160111146111 11461168116911
1111111134111111 6316611111661 6311661111 701
36111361111137 11116711168111 7111741761176
11111111381111 63111170111114 1177111179113111
11113911140111 1171172111111731111141111121131
4111111114211 76117911111[361 41162116611691
441111146111146 46114911181163 1701111711
11114711111481 1117311117411111111111111211
111149111111160 71117911] 11111111111121113
111611411121111 honestus 24113611 14141311
63111411111116 11111118191111171 1111111161 361 684
1111111711111 2111231121132 1169117211731
116811111111111 11391 7611[73117417611]
6911 801 6111 61 [honoratus 1011] idoneus 1611
1116311 641111 86 111114011611 [7711] iecur 1311
11111671111681 horror 4711 ieiunium 4311]
111169111170111 hortor 6711 igneus 6311]

11 71111 7311 741 hospitium 111 2114 111111 34*11 121111
14 71117711111111111116711 [2911 11341361113611
7811114791111111111113316411611 11113713811401
80113111111432 621170117611 69111111761[63
1111 [11411 7311 111111171111113 1176116011621]
711176177111111 1134131111361 ignitus 61
7317911] [3911 111111114111 431 ignosco 11111111
1111111111.612611 61160116116111 1111164161 161171
1111116117611 66111116711701 2611281130131
11111013611471 humerus 1611 701 11431146111146
7311 [6611761] 11471641671111
[hirundo 711] [humilio 6111 7911] 611162116316611
histrio 3111 humilis 671 6611 6811 6311 70
1111111261 111111111134117011 117318011 [4411
111111111161113211 [7111] 11491111621111
11111111 211 611 1111111111201 611168173111111
117111813111111111116611 74111117611761
111 131 1111 23 7711791111116111]
11112411261261 laceo 6311661 1111171113111611
127126112913011111811 1812011131111
11131132111111111118116121111 11311111114011
331111111111 341 2311 2611 3611 11 4711391731 [16
1113611113611 116711 118111]

71

 

