116 ΙΠ. INDEX VERBORUM

3111-11111111111111011114*11101 40114011011160
11-1111111161101 711011111111110 1111117611
1111111101 1111 11111 1180 temporalis 0010
summitas 1111 141116111711111111111011111110
11111131101171 101110111111116 11601100117011
111111811111118 111711111111181 tenebrae 11114011
1131110111000 111811011110411 471111011
0011 44111401 08 11 081 0011111140 tenebrosus 1311 A
11011701171170 111441140114611 1111110011 1011
1181181111[1811 1100100111041] 07110616310011
110011] 00108111111601111114614711 1
111118111010111 116110111 6011111101
1111111111 6116011681116011110101111117
111118011[011111 17011117117111 11811101111110
61160116011681 7417717011801 1001100114111
7117611 7711 70 81111 [4811111140 111161111100111
11811111] 1106111160111111 6011611011160
111110110100110111 71117411117011 11111170118111 1
[111111111688] 8011811] 801[0111061100
superimpositus 1011 symbolum 4011 0611 11611160104171
superior 101 0711671 ¹ 111111711771111]
supero 601611 terrenus 1011 411
superpono 0111, 'fautus 1011 1611 441471100110411
superstitio 101 101 1711 terribilis 181
17110011411401 1111111181 1111111301 4111
110011 [11111111711011100111111111101113711
1111111011114131 1111101101 4014611
supersum 101 0011 1101111111 0111 [tosta 011]
1111111101 [111111163117710] 1111111111110111
supinus 6710 tango 000 ‘testificatio 10
supplex 061 0811 11111111 11111011 141 testimonium·ua 081
1411 1106116611111111- [011111]
[supplicatio 711] 11111111 1711 *03 [1111114011]
supplico 41 171178 11 [00 1] textrina (111 0711
11701 tartarus 7011 1111111111οο1 481111]
supra 00116017 06 tauribolium 7111 theatrum 1111
11[60117411701] taurus 1011181 [1111111711111] “
11111111161101111131101[001] tibia 111 171
0011011 munerarius 1011 1111110111711011
suscito 601 [7611] 111111τί1111 081 601 [4011 6011 70111]
suspendoebu 80111 70117811 tumor 0111011
sustento 1011 0111 tempero 0811 tinnitus 171
“’ tempestus 1111 titubo 8011
111 171100 templum 81 1011 11 titulus 6411
60117011 11 1011111111 10 tollo 0011 7611 [08
w wfflwmufflwomunj

 

