m. 1111111 1111111111 119

[vestimentum 0011 ’111111111111181 1111111611 181[641]
7411] 1111114411411[44 1111011701
[111111116311] 11118011] 1111411 111 1011
111111 1011 1111 00 viola 001 3311111111001[13
11 0111 violentia 371 11

11111111 01 3011 111110011 [11111701]

0011 [631] 111101111111110 1111 (111) 7711]
vetustas 3011 111 171111[7011] 1111 61111 71111
vexillum 641 virago 3711 81111111111 1011
11171113104111Ι111111071 70111 1111110110017
0011301011177] [10116411] 00110411110611
11 [48 11] virginitas 105 3612 0811 301 371111
11111111 811 4011 30114011114111
11111111817011 7113010419252020 11401471114011
Vioiflflim 208 ⁴ 13 21146'11319282 588 7618
1111111133130167ῑ 351⁰ 4913 551520 voluntas 314 8710
1111111111] {⁶62233910[74,0] 11111111111111
voluptas 1311
vorago 0011
111, vestri, vobis 011
video 811 1011 101 1111111111111011
11101110110111 ¹⁶ ⁷⁶⁹¹⁰¹⁶ ⁸²¹⁸ 031111 0411 341
1100110411061 ἑῖδωτῗβῡ ⁶³²⁴ 301111 41111111
081111001113011 . ¹⁶¹⁷ ²³] 471031041*111
*111 11111. 1111 ”¹¹¹⁸ 4³¹⁹ 4⁶1⁶ ⁶³ 11111111111111
4014811010011 ,155519 80181118011111
11601100111811110632011419- 11111111 831 [40
7011701111[4111 [0014353161] 111401140111
03 1111111 711111 ,[71000 63 4] 0111 11 11 1611 10
7011731174177]0111518 614814 *11116411741176
1111] ,01011107110411 1111111]
vigilo 10114011] Ξ 444460470480111111141611011
[1181111111] [001 0600101101 141110111111
1111111111 ¹ 60110017011146 vox 111 1411 111
10111111 1111711111711] 1111 1111111111
1111111371 ,11111441 731111111 7111
vinco 111 1111 11 ⁸ythtus 1011 1111 111 11111111
111111 111 111 v1t1um101⁷1⁹112⁷ 1011111[111111
141011 0011071 03904404 11101113111177
861170170111 11111110110811 11801
vinculum (vinclum) 3611 vulnero 3013
30110601 ’ vivifico 4311 vulnus 010 0011 110
1111111018111 1111011103110811 11461
1114111411161100 8011[301641 71 11111110111014711
11001811 11771] [11110311]

111111 041
{effa 0411 8011

virilis 1011
1111111101 001 0110
ΜΜΗΜΜᾺΜ

 

