110 111. INDEX VERBORUM

protego 1711231 481 ] quadriiugua 241 qui relat. ael iaterr. ,
701 [(1111111171111114811] *113*6181611411 1

prout 6311 quaero 5*141ai10 1164111161141
[111111111761811 111111111191114 1171414111111
provenio 831 101111112111141 1111811111111111
ρ1ο1141111111311711] 17 1111 18411411 9411141111 10111

8111 [2911861111401 1111141111111
provoco 1111 4414611661661 1411111111111
111111111181[7714] 6114 6811 731114 *411114411111
11111111114 [8111 t 14111131111111
11111114611481111 quaestio 191 17141111118119
61117414 (111111111171126 41111112011111
1111111ο10111611381 14 1711 36 11 79 14 111111 11 221411
publicus 1014 191 qualiacumque 11 1 111111 1111111124
- 1911641 1611 Ὶ1111111142641111
pudicitia 1611 324 qualitas 111 , 16111114 2711111
671 ([1111111111111131 1811111911301
pudicus 3011 11 661 1 32 411 14 33 411114
pudor 361 7611 quamdiu 191 611 143411*1111191
1111118120141811 111111911116211 411111361111114
puellaria 101 [49116111117411] 1114 374111111
puer 161111 16 *11 quantus 1711 1111113811111111 1
11111742211281(1111111111111111681 401111111111411
[611] 1111111111171136 114114311111111
11111111161111 ’ 117011 4414111114611
1131111714 quare 4611 [611111] 111114 461471
pugnoutatua 11111113711744 111114811491
[pulchritudo 691] 1111111311*11614111 6011 6111141111 2
11111101116611 1111161134441 1111634116414
1111117111[4911] 11111141116711 6611111111*1111
[pulvis 6111 6111] 701[6111 6347111] 11111111 66411 67
punio 811 [8011] quasso 3411 411 11 11 11 11 6814
purgo 1911674 quatenus 1911 1911 11116911116041
purifico 674 11 11 3311 111111 621 14 6411
purpura 4611 quattuor 31 [7111 1111 6611114 66
purpmaua 107 1711] 1211 376911 684
11111361631731 (1111*1131141411 111169111111172
8114 131161117111111 14117311111741
1111146116811 13124111151111 11111761177176
putobaa 12111131 161111281131111 1114 791 811111
261*34113616611 37111414401141 [44114641111146

114711601631 11111148114911
Qua 6111111111 64116166111139 11111160116111
quadragesimus 6911 11 741 761 771180 11 6111161111 6111
quadraginta 6911 11[7117411] Os. 6311114 6417114
uuadriga 1011 p. XXVIII 71111 73111111 71

 

