108 ’ 111. INDEX VERBORUM

periurus 3611 placidus 949 [porte 099 111111]
permaneo 98 so 11990 119 [porto 7919]
perpetuitas 771 plage 3919 posco 39 91
perpetuus 919 379 plango 99 7910 811 posside 39119914
3819 4019 491 47 99 944 99919 90 1099919 1011 1111
199019 9919 0011 118919 9719 984 141919911011179
031099147091 0911 1919119199911
191991199999931171 'plastes 1019 939 9911 9919 99
11 749 7019 7811 019 1111991991 1914 19 9919 31 14 3919
persequor 17149911 1111119179 9919 709 3999301419 37111
99407991419 7117411 4314 404 47919
191991919 3911 plenus 739[9910 791] 4814 909 9311 99
19191199991719914 11119 0911 99 0919 074 9814 1
perstringo 1911 plures 1919 9711 0911 19 8919 [7311
persuadeo 89 9119 plurimi 9911 9991 74197919]
0017011804 [ 4014781111 ,11991799 1911 991
persuasio 1114 991 119119994[7919] 9819 3094 3911
94911991971309 poculum 431944911 981 6119 049 901
371479979001 4011 [8099] 19 0819 0919 731
9919 0711 981 70 [poderes 9319] 799 [809] ·
14 799 7819 1999981111 1091 [1991997919]
191119910819 199 9493499094 poster-itus 3911
19199199997199819 3793919 441499 199919 719·
pervenio 911911 439 401 989 9994 7011 [postremo 8119]
071 7019 8019 , 781919 791 8014 1991919911401974
perversus 919 9919 8194 potens 3019 [9991
9714 0491 19119 1011 [7411] 991919]

'perverto 914 polliceor 479 0711 19199199 39 19411
pervideo 9914 899 1 10111719093311 1
pervigil 4911 11 {pollicitatio 97 94 9811 9919 931 [1 1 04 9] i
pes 3019 [9991 03Ι 799 potior 791119 991
1919 0414 7319799] 1911110 119 939 94 3119 3914 3819934 ,
pestifer 3919 4319 1199990497979 799[7719] ’
9919 001 7019 11 7891 potissimum ’99 19
19911199119731 pompe 8111849199 19193410

peto 1919 9919 pondus 4914 779 potus 404

19919 709 1199991911711999 [1199 9899]
physicus 011 79 89. 9311 9994 9711 94 11991999113919 904
949 991 Ι 148019 8911 [9419] 11999999 999 719
1199119099 9019 ¹pontificslis 3811 1111999999 184 9911
[piger 7319] 1191919119 379 4919 901 989 739

pigmentum 9899 [19191119 1819 3991 [9019]

1119919199 909 y 7414 771 8119 89 praeceptum 4719 74
119999 091111 11 [4811 9111 991 19 7711 [7719 891]
pingo 901 19799 7714 8111] [11999199199499993
placeo 104 9714 'j 1919999910 99911111 19]

 

