100 ΠΙ. INDEX VERBORUM

illuc 331 i 331333 3131131 33 incipio 144

ime 7013 ¹ 33333 34 33113 incito 803]
imagino 103 133113 343 333 mcludo 333383 33
imogolon 3813 334 1313 3631333 374 3433333313
6311713[313333 31333 3311333 41, incognitus 31347614
33 33313 8033 33] 13 433 433131313 incole 44 3134
imitatio 3833 303 1344333 43143133 incolo 733131
3714633 46133433 471113 333331333331138333
imitor 1813 1033 37 48331 4313313 33 333333333348383 34

33 37 3 303 33 313 3 33 33 incrementum 8313 ³

immersus 30 33 1413 33 33 33 333 33 incumbo 703
immineo 3313 36341 3333633713 613 inde 3733 473

4334 0333 6433 6314 67 indicium 164 373
immo 133 3333 , 33 6833 63331113 indico 7633 [4813]
immolo 70 33 33 33 33 70 33 33 71 33 [indigeo 4333]
immuto 1333 73313 731333 743 indignatio 1313 7333
1333333338313133 34 733 7631333 803[834]

34331 3133 8833 77333 78333 7313 indignorion [7313]
3333 3336433633 803313131313 81 indivisus 331

673 76333813 83 333 33 83 *n [3313 indulgeniieom 731
333 46131313 4813 43 3314733
imperium 133 313 44 30 33 33 3143 33 ineluctabilis 66 34
8433313333 343 33 333333 3633 33 inopius 3133

3613 603673 7613 133333 6113 33 03 infamio 3813

834 [3631] · 33 63443133134 64 infamis 673
impero 171313 3314, 3333333333 683 infans 1313

33 6333 633 7834, 71 131313333333 74 infelix 303

813 l 31333 7333131333 3134333314[643]
impetro 464 373 i 3333 773333 80333 inferiae 313 3434
impeiuc 163 803 3 333334 8131433 83 inferior 334 7833
impingo 3318 ¹ 33] infernus 6037
impius 433 13331133 373 [3331] 3343333713 6313
impleoccneocmpo]i[inargentoous 74 33 infinitus 30 30 3133
imploro 333 8333 3 73 33 76 3] infirmitas 333 33 33
impotens 33 1 1333313333 161 34 34

impunc 33 33 . ,[31133333333 7433 7333] infixus 4013
131113*33’334’3 inonndido 734 inflammo 13 33
333116313813 incaute 3333 Ι[333313 33 3]
313131310133313 incedo 4331 mfule 1733

3 1413 13 33 3311 incendium 13 34 36 ingemesco 34
1631316131317 13333333 ingenium 434 7413
331313 33 1831331 incendo 3613 [83 3] ingens 34 31

1314 301433 313 incertus 1331 ingenuus 733

333 3414 331333 incestus 41413 633 ingero 4044313

31 3611 37333 381 1033834 333333 [inhabito 8133]
11433 3333 3033 [incido 73 33] inhumanus 3313

 

