111. INDEX VERBORUM 111

17611117611111 6911 7111]-1111 recordor 0911
11779171178179 1117111111. 1511 941 1111111171
1181111111]-111 4611[8011] 111111111ο991
11111111119719811 99 11111111191[7611] rectus 9511 [591]
111 9910 781111 [quoadusque 691 64 recupero 519
111151611911101 11] 11111ο911491
1511111116111111111111911*1171811111(11511611 711
91119611991194 1111911 *911199 1111 9611 40111
114011114111111 119711981411 44160116111701
19144116811671 4615111541581 8911

691 7011 [451149 641170111175111111111111791111
115111751111111 7611791 [791]

1111 761 77 7] quodammodo 191 refero 11119911
1111111111111911 quodsi 811] reficio 9411

901 9411971 981 quomodo 7511] reformatio 6511
991961971991111111111119711 [11111111 651111
401 461169116411 [quonium 4511 499 refuto 6411
0616811117911 1151161117111111111115116411
quicumque 96 11 97 79179117711 8111] regine 711

1111 [6418011] 111111819911991 regio 19117116911
quidam 171 181199 79177118111[7511] [7111 11]

11 101111 41 1 491 regius 1511981[691]
49111’69115711191111110711 regie 1511501
701 radicitus 191 regno 691 [691 791]
(1111111911611111111116111 regnum15111711 ,
9111 [5917911] 1111111971 561701111 9911 9119919611
quilibet 9111 111151[7511] 59116911116411
quinem 461 rapax 97 7 66111[6916910 791]
quinque 9711 rupidus 941 971 rego 5911

quintus 981 11111191190119111111111(ε repetitio’
[quiqui 891] 9911 981 11 Kr) 1711

quie 11111119.*916 1111019017 91111 1111114418911
111111711119111111190119111 1111111151911111
1119119911111111 reticui 6111171 9511149111551
111111111199111 81119111191 141 religiosus 9519011
111941198111111 99119911951195 991119411501611
11951119611971 11401149149118 relinquo 1111 991
9811441147111 11651169117011 7917811801
4911150116511119111ο99118911 1111111111116111
111157111111581111111701[5111] 961
11591111601111111111991 reliquus 671

611 691 6611 67 *recenseo 6011 [111111115911]
1111 081 701111 recido 4111 remedium 9411 9911
7911 79111 7411 recipio 1711911190 401551111
76117811117911 11401[761] [111111119111581
801111811[591111111117ο 611811 8911

 

