111, 44444 4444444444 89

aporio 474 4744 64 artificiumtrrr 446644444464744
4446444 [4444 71 artuatim 444 44444444 4444444
44744] artata 4644 6644 16444444 444 44
4444646144 [444 44 4644 44444444 464447
apollin = 64611444 arraudo 41 4444 6444 4444 644444 66444
apotheca 674 704 [60 44] 44 67 44 44 4144 44
4444444 66 44 44444 164 404 44 44 46 44 44 46 44
appello 4444 464 aspergo 444 64 44 44 66 4 4 44
664 66444 414 71 aspernor 6444 644444 64447444
44 744 aspicio 144 64 44 44 744444 7644 66
appoto 164 assiduus 644 6644 4114 [8144446]
aptos 404 434 autam 74 644 14 44
aput 64 164 174 46464 1444 664664444
1444 444 604444 atquo 4044 4644 46 4444 4644644744
6644 6444 664τῖ 4466446444 414 6144 644444 6444
4746744 66447444] 444664 764 [ 6444 7144 7647644
4444644444644 atrocitas 164 464 764477447644[46
644464[6644] 6644 444 4444644466
44446744 44446446441744 64 4476444474444444
4446444444 i 44 4646644 44 764444 764]
arbitrium 174 46 44[4444441644 44 44 44 auxilium 614 66 44
4444 44 764 76 44 7644 64 44 44

arbor 664 64 44 44 4414444144 464 67 44 [averto 6144 6144
44 70444444 [4446141744 4144 464 644]

aroa 7044 4 44 6644 674 474 [avia 764]
arcanum 464464 644 664664 764

444664476446444 79444 614 [4444 Β4441444 16 44
44414464 6044 66 44 61 44 76 44 744 77 baiulo 66 44
674466 44 664470 ao 6144] [baptizo 64 4]

14 [6744444] ,[441444 46 44 66 44 [044144 76 44]
44644441444 4644 7144 7444 764] arbarioua 1444
644 604 augeo 66 44 barbarus 66 44

[aroa 6440] augmentum 4446 64 bariliaoua 664
444444 644 ’ 44 6444 beatur 4444
[argenteus 644 7444 [auratus 764 bollioua 4144
7644] aurona 404 661444 bellurn 60 44 67 44
[argentum 644 744 7144 761 7644] 4146 [7644]
44764] [auricalcum 6644] bana 4644 671 76 44
ariao 70 44 44 714 auriga 444 benodioo 44 44 [64 4]
arma 67 44 64 44 auria 664 67444 banadiotio 4444
armo 16440 44 46 44 604 [76 44 74 4] 4444641444Ἶ41444
6146144 [444444464444446 44444644
arripio 644 1 44 [6444 744 ao 44 [1444414 604444]
4441746646744444 764764] ibo 4646 4444644
66 44 444444444466 44 64 44 66 44 [44 44 46 44 44

44614444 64 44 744 ι auster 64 44 60 44]

 

