106 111 INDEX VERBORUM

1661611111181119· 301113111146 4111611411616
11141116113011 166016811911 61115311641661
31113411411160 ob 1916 114 311 6611 6111116011
116111 66116611; 314 614 66111111691
6911 11116 731⁰![obdormio 6111] 101 131 161 18
11118116[61161Ιο1111311116611 11 8116 [3614411
111111111111] ,6111116681 46166111116316
[1161118011] [[66111111616111] 64111 111 1614
16611111111111166111161111 1111118111811]
novem 1111 1611661116 661 onerosus 4611
novercalis 161 obscuratus 411 61111641
1611114111 obscurus 1111611 operio 911 [161]
16111 1111 6111 61 [observo 641811] operor 331

16 6611 1011 [491 obstinatus 141 1811 6661611466 11[1411]
6116641111] 801 opportunus 1611
1614114111*6111“6111166.66616 [6116111]
61116911111016 obstruo 801 6111163016
111[6318011] 6611111411 opto 1111 1911
nubes 631] occidens 565 opulentia 4111 831
nudus 1611] 6661116 6111 opus 1614 131 1411
11111116111611111 6661664111111191 4111 6011 66111
16114116816911 3011361138161 6816811131[141
131 [1611] 11 111 [11 114] 1611 801]
’1111110114161111111Ι [6661166111] 611181
111616161016111 occupo 91 111 oraculum 1811 3411
11111111311136 octavus 4811 4611 48111111
14 3611 641 6811 661111311101141 ’61143111661661
*6014611161111 11[61116631111 68169116411681
63168111911*8111 141311 1418011 1114[4811]
11161116111111 Ι 8111] oratio 1311141631
numquam 3111 81][61116916] 1414 [11 1]

11 11 [1311] 61161 6816 orbis 3911 661 6911
nuno 811 1311 161 [odoramentum 111] 6118111831[1111]
3311 431 631 1811 offenso 6014 1611116141 1611 1411
nuncupo 381 offero 4411 831 [631] · ordino 84 911 1811
111816101130163616 [oleum 6911] ionio 311 111 911
mmmmm ommi tlnlmn1w
[11161491] 6161681 V 1911161*191304
nuptiae 3014 [4911] omnifariam 1616 814. 3111 3111 4011611
nutrimentum 3411 omnipotens 6111 ] 661 6111 6911 6111

nutrio 1011161331 omnis 314 411 611] 6411614 661 6911
6116 11114911111111 16111818011

1411641611118116111111611661
194111 101 1311611116 6611
01111111 momnmommmwmmmmm
11111911131161, 113016113643111] 61166116

 

