III. INDEX VERBORUM 115

1111111271161 11111161 6116411661167
stupeo 461 [sulphur 6011] Ι11721173117611
111111261111 1111241111[461147 6211111111 [4911
stuprum 1612911 1146111166·1111 611111621691171
11111111201 6417111771]-11 1172*1711111176
1111271 66117611] 4711671[3411721] 111111111176111
6211[6011] Ι-11131411611 7711621]-11167
1111111241 ῑ6111711611111 11-1161111411
1111111111 661 10111111111111 19112211261127
1111111111 641 161114111111111 116611111671146
1111131341 11161111711116 1146*149163*1
sublevo 661 671 111 2111 22111111 6417011 76 11 [21]
11111316611 26124111261127 -111116711-11116
1111111116111 11112612916111 *6113416111761
sublimitas 611631 3211111163111111 [4911] - 1111 *211
1111111111211241 3611111661111111 61411 6111111 7
[subpedaneum 6411] 1111 67111 11 1111 11 611111 61111 11
1111111161 2111 113611111113911 112111411111161
subpono 7011 101111141111111 211122111124111
11111111116117112 43114111111461 26112816211661
114166111361 11114611171111 34*111116711401
6611111141146 49111111160111 4611167491601
116611661176111 611111162111111 11641666671166
7611 11631166111111 11611163117111
11111116116911 671111166111169 74176117611-
[subtraho 7111] 1111 6011611 661 111161111211126
subvenio 11116111 11111116616611 1261113216611
succedo 201 6611 111111111111 7611 6711 741 [6611] -
111111311711 74117611771160 1111111611[6611]
1111111120116911 111111 611 [4611 -11111161461-
111111121112411261 11 4611 46 1111 61 1111116 1211 - [1111
suggero 661 ἶ11111162111166 61111166116111
1111 1111111 411 611 11111111 6611 61 621-1111116711-
7116111111141 1162111631641 111166611771]-
16111116120121 711117611111174 1111661-11111611
112211112611 111117611111176 1611111711911
261111112611127 17711111178179 60113216611167
111126129111131 11118111]-[11- 11661[621]-11-
1136116711 1011 mus 6111ἓ - 11111 1111161661111111
4214614611161 6417611317611] 4211-1111111711
631166116711166 - 1111121 3116 6711-1111111241
111160162166 117119111111 41166116911-
1166111661170 1611116111261 1111111116111- 11-
11117611 [711111 11361661166111 1111171167111111
7211 7611 7411 76 11 6611140116611 -[11111111611]-
1761] 11661166116011 1111111111611171

8*

 

