ΙΠ. INDEX VERBORUM 109

praecipio 621 711 11111111401 [6911 11111111261136111
8116211 [6411] 621] 461 4911 601111
praecipitium 166 23 principatus 39 721 6714 601611 6213
1126113063611 *641 6611114 6611111
praecipito 161 3011 Ι111111111111·31[6411] promo 8014
476601170116011 priscus 191 promulgo 691 644
11111111111411 2411 prius 7216 7711

praecurro 621 [11111111 2411 pronepos 6211
11111111331144146 [1111 3811 031 pronuntio 7611
praedico 1112611 >pro Bonoso 1611 1111112911691111
1111111111111411 111 aaron 311 sos

116411671 ¹ 341111 371 391 propago 7611
11116111116014 1 4011641467172 prope 1914201121
1111111111661 ξ 11621111 611

1111111111116 11 2811 1 probatio 331 481 1111111241 676 611
291436114911661111111212711481 741

16 66111162111 661 1111111112114811
praemoneo 741 11111111 2611 41111 6111621166111
praeparo 4141 . [4111114] 1 6111111111111
praepono 121 ·1111111114611 11173176117911
praeposterus 136 19 proclamo 711 4411 11 601 [7711]

14 2911 1111111111611336 1111111111162164
praesagus 7616 1111111321461 16 721 ’
praesens 6014 prodigium 114 propitius 641
111111111113211 prodigus 1111 propositum 3714
11111161111361111 [11161111361111 proprietas 664
1111111461601 ¹prodo 911 291119 111111113611491111
[111111116211] J 60163111671 1 6016 661671
praesumptio 3911 11111111116211] [111111161711911
1111111641771761]111111111 1111 161 2616 4611 [4914
praeteritustrr 6111 221413112411261 6946111]
praetermitto 161 31 11 431 601116311 [propterea 69111]
11 341 691 64111661 641176 prorsus 201
praetextatus 4611 14 7911 prosequor 101
praevaricatio 661 [1111111114616] prosperus 6014
1111111314611 profero 6711 661 [prospere 69 4]
111111 6111 701 7311 61 11 prospicio 661
1111114611661 7211 111111111 6011 prosterno 361 63614
1111111117214[6011] proficiscor 161116 641 6011 6211 661
pretinm 604[761] profundo 334 7211 791[7111

primordium 66 so profundus 20 11 ,11111111111 issu 361
1111111916 2611 271 profusio 721411 t [7414]
32116311661102 progigno 161 prosum 61 91 20
1166111641 7711 1111111411 1716 24 1122112311361
6114]-11111111116 11147114911 164114 6211 644
1142114111 616 promiscuus 291 67116911

 

