111. INDEX VERBORUM 87

111. 111111 1111111111

191) 6 14 7 11 84 911 accedo 1111161 7611 i [adgrago 4811]

ao 111 121 15111 [accingo 111] 1111111111111011791
1711111 18111 19 111111121119211401 adhibeo 411 401
112011211122111 414114714845111 1111111911 1111111
24119641111127 661 [5111 711111] 1841119112114
119811 991111 72174118011] 99119711911871
90111191119911 accurata (=‘mdh·! 791111
94185190111111 1111’Κ1)911 [1111111111111
119819911414111111111 161 *911111111115111
*11449114111461 9944114911 adiuvo 2014

101 1911111117 acervus 141 adloquor 7911

11 1811 601111 61 actus 5011 1311 admiratio 491
1691116111189 [1111111621] [11111911991491411
1171178118911 [1111111191 6911] [adnuntio 77118111
[4814114911111111614711111194 11]

41111 591111 64 11151111181119 adorno 1211 5111
111171111174*11 11901191111192 ’6111
11711471118111 1411 2411 as 2514 111111*1919911 274
824] 11971199111191 99119619811 [74
abactor 1911 11111192111197 11771117911801
1111111-12119011 11991149148111 1111]

abicio 1111 abiec— 47111150111154 1111119811
111951. , 1117115811621 adpropinquo 811
abigo 991 11641166411871 adsigna 191

abnuo 911 68117011111 711 adsisto 4811 [6911
abruptus 904 9611 79474117617811 891]

4718011 11801118111189 adstringo 781
[abscido 591] 11[461148114911 adulescens 711 81
111111111719211 511111811169114 1811
9114211111 711117911731111 1111111111961111
absconsus 9611 111111 751 801] 9811

{absquo 771] addictus 8611 adulteratus 9011
absurdus 2211 addisco 2911 adulterium 414 611
1119114111 7111111411611111114 271198190119111
811 1211 141111 99119949117011 adultus 961

1511 18111 2111 711111177111. [11111114911]
9911 9411 911 11 adduco 9911 [111] adventus 2011 9111
91490118214*494 adfabre 1511 9111 4911

4611 101 141 581 adfero 291 adversans 8911

11 1811811111611 [adficio 5914] adversarius 994
66111671109411 cdfigo 5716917011 1111111114111119911
79117611117711 1111311111 [adversus praepos.
7811118911[8011] adgredior 991 8011 191111]

 

