ΠΙ. INDEX VERBORUM ll'i

[tondeo 7166] J triticum 9164 4466 66 18 66 66 88 66 66 66
tormentum 16666 91 [66] 66 466666 4664 60
66 986 996 346 46 triumphalis 6166 666 6664666666 66
66 4666364 [8064] triumpho 886 66 6766 686666 60
torpesco 46 66 triumphus 64 66 886 *66 61 66 67 66 66 66
torqueo 996 846 tropaeum 64 66 6666 686 696664 70
torreo 96 trucido 1666 66 78 6666 8066666
tortuosus 66 66 [68 66] truncus 63 66 66 66 66 [44 66 69 6 6 46
6668066 66664866 s 66666666 61666669
totus 1366 896 406 66661, tibi, te 666 6646464666666 79
41669666666766 66667666686618 6776666666666 81
666668066 [6966 66336637444646 6666666666-6666
7766666666 666 476666466 43 896
[nahasson 66 66 606666 66 64 tympanumtt 16 4660
1666666666 486 46 66 666666 66 6666 66 66 tyrannicus 7661666
666666 9664 7066 [73 68666666 6966 61 tyrannis 616 716
66] 66 67 66 666666 69 66 tyrannus 64 1666 16
traditio 9664 6666 7066666666 79 66 176664 818
66641666 19666616 66 7867866806666

66176413499696 [43669663666666 Ubi 806666 [696]
66 8166 3766 4866 646666 7466 7666 61616666 766

4666 436 666 6866 77 66466 786 816 ultimus 134
66646666667668 6666 89666] ultio 168

67866 [66116 4866] ultrix 846 3866
tragicus *411 1764 tumeo 76 66 61616666369064836
traho 9066 818 tumulus 1017 9913 ululo 866
transfero 19 4 66 81 9466 [umquam 46 64]
66 36 so 4766 60 66 66666667668616 undu 946 706766664
6466466 666636 646416666176613 66616966 1866 164
7667866 69066 40643644 816666667066[764]
transitus 9666 69 466 48364 606 unguentum 686316
6666666364 6766 614696667 66666666 696466
66ρί066618666766 66 6866 6066

trepido 786 tundo 66 unguoo 67 66 [63 66]
tros 146 [tunios 7664] unguis 9066
[tribulatio 6166] turbs 1664 99 66 81 unious 13 66 68 66 706
tribunal 1166 64 39 66 37 66 43 66 universus 766 [76 66]
66166636766366 66666066616660666611661369066
[6611666 79677 64] 666864 9866 966 96666
tricesimus 4666 744 666116 9866814 97698 66 87 66 47
triduum 60 66 616666 turbulentus 496 66 69 66 66 6 66 66
66166666661666 turgeo 904 66 66 [61 66 63 66 77
triformis 196 turpis 46 66 668166]

tripertitus 184666 turpitudo 63 9666 urbanus 8713
tristis 99 66 806 836 tutols 16 66 urbs 18 66 9166 86
4666 666666666047666 6466

 

