111. INDEX VERBORUM 103

36111139111149 ludibrium 1014 1211 141111 811
1118160111166111111281 8211
10 6911 70111 72 lugeo 71115 91 16 1111111171-11111142
11[6111761111781] 11 241115111111 114311
11111111111711791 2141 [111111116311]
libet 431 601 lugubris 2111 1815 mandatum 6441 61
libidinosus 261111 lumbus 4211] 1111 774 7811
1111611311114117 1111111111 121140 1111111771
111118124112811 11414 421 4711 111111114311[4411
licentia 3411 621 ’1114 4811 491111 411]
11111 2811 271111 67116111 maneo 911 361111
28130111211 111122114014 78115
11311119117011411 lux 711 4611 484 manifestus 21 161
[71111761] [47111611] 26113314611111
1181116411611166 1814 7711 781180 .
11 69111111111 Machina 7011 11 8111 [7111]
7011111111 [7111] 11111111011611731 [mansuetudo 191]
1111111201 1111111111*2111111 manns 2011871110
limus 611111 671 11 141 1611 171
[lingua 711 7411 maculosus 121 70180118211[121
7711] magicus 171 1611 731111 741
liniamentum 1611 magister 3111 831 771801 11 811111]
11111711 magisterium 7311 111119111011811
liquor 731 magistra 3711 411 7611 [77 11]
litus 2111 11 11181111112711 174 marinus 181
loco 1111 6711 maritus 411 11 2611
11111311*44 1111 magnus 4111 4411 26411
20111211111221, 671 [431 11111111111171491111111
31113611371112 1211 6611 68111 1711181111 2011
116414 7711]-11111112211 Ι1111 2111141111
101311211142116011 2911 401 731761 2918816911
1ο111ο12311331ο781 11 8211 [4814] - 1111111111911211
[1111831174111]ι 1111111111011141 11111111ο61191
lorica 181 ’ 14104821 maturus 811
lubricus 8011 ,1111111161219 331 mo, mei, mihi 611
11111231141114211 341146116111171 91 1011 2311111
47141111 1 181110111162111112411111101111
[lucerna 4111] 3 111 1111 1111111 1114111 1111 111
111111116111 , 771831 611691 [414146
lucifer 6411 Ι1111111111111117411 111111 4345111
luctuosus 601 7811111111111 611 [7111] 631411641711111
luctus 111114 61[1111111111111 271 321Ι 7751801]
71111 011 161Ι 1116711 1111111161
211 231011 2611-111111261 11111113413911
11391 1111111101 211138 1111111118811401
118111111111117014ὗ 1 1014 441 461 Ι111111111111111 3111

 

