111. INDEX VERBORUM 97

extinguo 6311 81116101111111111 61116411

exto 66 161171146116111 8111166 16111611
extollo 601 [61111] falsus 176 6711 [74 111161111116161
11111616116011 117611] 6116616 671111
exulto 641111 6111 falx 611 381

[1811] samos 611 4611 6111111 1116 16111 “

exuo 17116811 fastigium 6616 611 1611617111911
exuviae 6816116 111611716811 16116016611161
111111641146167 11448168111160
1 1168166716 1116 66111166170
[81611 7111] faustus 646 116 71111 8111 [64
1161111616 11 111111114116611676 16 4611 6611 6816
fabricator 611 661 666 ’70 11 66611 611 811]
fabrico 6011 favor 641 8111 findo 611
[116111617416] fecunditas 1811 61166111616111
1111116617616[611 fecundus 66 11 7811 1416 6411 4111 411
61166311] 11116181111146147 4616716 6811 [76
facilis *111 671 16 64118116 161111]
811111161111716601 8111114611 6466 68 finiam 1811101
6116 118611[4911] 671[6116]
111111111610111681111110161161766*11111461611
1111166161711 166611 6611661761111
11 8611 1416 1716 femineus 6711 [6411]
1911111606 616 [1111611691] firmo 6661811
11161116811166 1611161 8131611641
114611 601 6816 16111611611166 81316161118811616
69117011117616 811616111611616 61111111181181
8016611611 6116811 [61 11] 1113166616
811166116171611 ferreus 6016 6011 8111111641 661667
811111111916101 [6111] 1166111611461
11116111111 111 1111111711406[611] 60166111611 761
1611 161111 1716 811111140176116016 [6611]
11 1811916161016 fontinus 676 flecto 761
1111111161161481181111616 8166711
111116111181160 [8111111 6111] 81611616616716
16111611661611 61611411661 6611011
661 69 *16 401 8611111611 811111181611111611
4161471641671 fides 1111116641 flumen 411711
6816 6016611164 48116016811631 fluo 181
1166111616661167 6416716611681*81111111
116111668116611 811111 focus 661
7016 7611 8016 81 [866 7611] fomentum 611 8411
16 [6416 441111 11111601 1716
6116 611611 76 figmentum 611 116 fons 701 761
1674176161177 1611 111116011
111 7611] Vfigumtio 101 forma 84 1611 1616

1811111161 Motorum od. zieglor. 7

 

