ΠΙ. INDEX VERBORUM 91

311110 1311 331 1011010103011 3111 1311 33111
10 3311 331 331 10111110311331111 10110 4310 *3311
3313711313311ο1110811“171137 33113813011133
3011731731731 11331 11331117011
[1311] 1011110111131133 conpositio 3811
10101131113131 1 3311 131 1711 10111111111013131
3111311331371 30133118310 1111
11133111111 311 101111110311301311 comprimo 481 301
3811331 38111 73 conficio 3810 711 conprobo 181

11 [7311] confingo 3311 31111 conquiesco 131
10111301 confirmo 3311 3011 conquiro 3710
comitatus 1710 11 7310 [1111] 1011030107011
comitor 3111 3710 10113101311111011 10111111311 31 101
3313811 11113113310101 1818311
commemoratio *31 4311311037138 consecratio 131111
1311 11731 1113113311
commemoro 371133 1011111331 10111110 71110113
11 10111131310611 11311 13113111
commendo 711111 [1011107311] 33111 3311 3311
131311 confugio 371 33113713111331
commenticios 131 [confundo 131 311 11 3711 3810 131
101111311131114 7311] 3713711701173
11111 131 3311 [101111107311] 11771

131 3311 coniugalis 1311 331 consensus 1711
1011111111101331 coniunge 311 3311 [consentio 3111]
[1011111110331] 3111331111 consequor 381
10111113311113131 10111113101711 considero 311 111
33113311131731 1011111111 101 33 3711331171117811
commodo 331 11 8111 concilium 131 3010
10111101101011310 10111301 3011 3311 331

131 1011111103011 consocio 331
comperio 111 conlaudo 3711 [consors 3311]
1013110331113311] 10111101311 1101101311116111311
concedo 3311 331 101111104011 . 331 3711168111
3111 731 conluctatio 3111 l 101111131133111331]
concido 1311 [331] conmaculatus 3011 [[101131111110 3311]
concido 3011 comminatio 7311 , *10113111 101
conciliatio 3310 3011 10101331 3311 7011 ᾗ 1011311311 131 3011
concipietis 131 31 conpages 331 1011313 3711 3111
113311 conpago 33111331 3711

conclamo 3310 10111113103311 [1011313110 311 131
concludo 311 10111103111 131013113311311
conclusio 7711 101111103711 3311 131 131180
1011111110 3811 [0011111301371 1 11811111[3311[
concumbe 331 i 1011111103 11 311 8310 constitutio 77 ao
concutio 3011 1101101011311 3111101131110 331

 

