114 111. INDEX VERBORUM

sic 61811111161 sobrietas 1811 sporo 7411 7811

1711111 111111 sobrius 1711 1811 111111161111711
·3311341406431 3011 48104786711607
,481147148116616111111*41631168 66118011

1166168116811 116811118811 spiritalis 34148164

66166111871881 1ο111131 168117018111

7611 78118011831 socius, 1111411 18 spiritus *111 61 111

[4618011711] 1601 1611331371461
siceota 1ο111111113116111 114811116011611
siccus 8711 6011611111[8311]ἷ 16611611161163
sicut 1111 1611 1811 solacium 711111611 1 661711731 741

331661[61116311 11117111811301 76117811[491641

7111117411761111] 8811 7111 731111 741
1101111111314011 solitus 61111 761]

4116611 sollicitatio 1911 [splendeo 6311]
significatio 60117811 sollicito 87 11 111118111111118111
significo 46 11 48 11 sollicitudo 611 splendor 611 41147

61117611[7111] sollicitus 1811 3411 11116011 6611]
1131148114917111 4016016111 sponsa 481 111148
signum 3711 43 1 11 solus 1111 1711 1411 11]

601641681111 4011 411 781111 sponsus 47114811

671711[711] 7717811]-1ο-114911111111160

silva 13111 1811 {um 3411 461 1 [48111111 4911

silvester 1611 somnio 701 1111]

similis 1411411146 11111111131116111 squalor 1116 1111
1148116118911 [1111116311] 471111
7111771[411183 sopio 611391 stabilitas 661 6011
1111 741 7617711] 1611114711671731 statim 33 ao 431 68
111111111111711[7611] sordidus 1111 116111791
simplex 71 141111 11111411111161101 statuo 131 1611 16
11381 1611117111111 11371[6111]
simplicitas 811 911 11116811 [1111116311]

[simul 611] sortior 131 sterno 8111
1111111111111711111 spargo 411 stillulis

3111 331 3611 36 spatium 4011 461 stimulus 1311801
11671169117411 611681 stips 1611
111113111411[611 specialiter 11 161 stipula 371
7111761811] 6111661731 stirps 7811
1111111131161161 1111111141161116 116 3611 8111 [4911
7111119111311 1661[691761] 6116317111]
*37114614711489 [speciosus 6811] strages 6411
631189117011[7111] spectaculum 111 strepitus 101187 11
sinus 1711811911 speculum 1611 stridor 191

4611 [811] spelunca 11 11 stringo 911 441 69 1
[11111461111] [11 sperno 81 1611 30 studiosus 161
soboles 6611661178 11311 1118111111113711

 

