88 111. 118111 7111181111

. 1111111157 aliquando 511 811[ amplector 8411
1181781881 848 101 11 11 8818 848 amplexus 881
aedificium 5811] 8811 5711 87 81 amplificatio 881
aedifico 511881] , 78178011 · 1111111781178111
aegritudo 481 [1118111ἱ -18, -od 181 amputo 188 841
aegroto 8811401 18181188118817 8815811
18111111881 3 477 801 [751] 1118811
[1811181818] [11181111-118011887 anceps 8018
aequitas 577 ῑ 8718 88118 8811 angelus 8811 707
aequatus 41 58111 8511718 8711 [74117711]
8811 11118110111118 {anguis 181 8711
aequus 681 alius 611 78 811 5581118
1818110111881 81111 181 141[111311111785011
[18111811111581] 11151111711111111 us 5811 511]
aereus 581] 1818841111181811111111481

1811188757] Ι1188188778011111111111711141111 i
1811115818] 818*8411871188 11441[8117 7417 ¹

1811111881117811] 1140111144111 7781811]

aeternus 447 5618 50105511 881 57 animadversio 411 6
[581881811881 11581711581187 111811181 8811
7711781881] 18818 7018 7111 451888117411787

affectus 1811 [177111 811117] 8011

agnosco 511 1111 aigo 7011 111111188181111[71 ,

80118818 alter 1811188180 8187]
agnus 7111 78811 18 8111 887 411 11118111118811401
[481 7111111811 5087418 [7818] 111111511811818

7811 8011] amaracus 807 1111181111 17111 ·

1881188 1883118011 88118881ἓί
agrestis 181 8811 8818881111888 4815818018811
87 11 ambigo 8811 77 1 8811

agricola 81 ambio 881 annales 1818
111181181114411 [ambulo 7818801] 111115118171111
451117 48111117 811811118711881 , 801 881 881118

481718 5018 5187 11111818 1011 [1111111111 81 5711 8·

11115118581158 1111811188811 11 7188117 8111
18887 8511 88711118111181 11111188111818
71878178117511 amicus 8811 8111 851881

7111 77111 7111 [1111811] Ι11117111811811
801 81781 [5111 811111811171811*481 80181188178811
7811] 111871181811881 [48115118418 71
8151118088[881818] 8811811717411] 18]

alibi 80 81 ¹ amoenitas 801 *antea 81
1118111711 81711111118811118 801 [11118111111115818
887 4718 [801] 11118171188171811 antiquitas 8711
alimentum 8411 [851188181111 antiquus 857 5111

 

