109 111. mmlx 1111101111

11 601111 6111 14] 117411761111791 lapsus 8011
111165111111166 811118911

7311 751111 771 [71117511 7711] 111111144115811
79111 [4111 1511 iudico 1111 1911 largiter 981
1111111148111111 iugulo 881 largitio 71
49111115011511 1111116011 7918911 largus 1511
11 5911 5611111 1113181193116811 lassus 1011
11111111 5911 681 [iuro 6111] 1111111111 8611
1111111111111111 1111991111 lateo 171 481 681
11 611111 711111 iussu 4011 1111 7011 [4811 811]
11 11 11 11 7911 79 iustitia 571 [591 11] latro 761]
11 71111 75111111 iustus 891 101 60 atus 161
771111117811801 11116111 1111119111919711
· 1111111181111111 11111119618916911111111114511

11141111891] 11111991 ,[111115811]
111151811711811 910731
134 14 1 6 ὅ q 13 u Lstbflfl 1015 η 21 {laxo 7915]

” 1111115711

11111111111111 abmm ⁶⁹ 1]

1428153011931 1111911141 11111ο9111815111 ¹

1111 881 8811 8711 ¹²b⁰1 9¹⁰ 5814
391218 ‘424 4312 10 116111891160118911 lego 8711

45115111155511 11111181 111111111111411

19 20 5310 30412 lacero 411 511111 1111115711
6116411168110 90119911911111119611111

11 691111 791111 ⁷⁹4 1111111 1811

111 111 111 1111 lacertus ⁵1⁰ 1111111 991

11 [3420 5111118 lacrima 911 95111 1119111111191111

4⁶¹⁸4⁹²⁹⁶¹¹²⁵⁵⁵ll 1'1· 111 11 1111111114
111111111111411]*”[1“*7 Ῑ]8 *6, 70 76
⁷⁷² ¹¹ ⁷⁸ ¹²⁰ 8()’911Μῖ1’1ῐῗ1,1Μ ¹⁹] {⁷⁹¹ 1111111111 1117
[⁵²¹²] 41ἓξ11ἳ11111ξο89144 11 8111118911[51ιέ
251271135111141 1111116111] 1111111111 7819]
354671 7317821111111411 [16111111111119111
¹⁰ [⁷5 ¹¹] languor 89 11 11 1

item 46 11 · lanio 1611 liber 8011
111191118011 111111111911 liber 18118811111
iteratus 1111 ¹ 1111111111] 11111111111111
1111111711 Ι[11)11501111111111 11[711111791]
iubeo 9111 9611 884 11 59111111 581 61 liberalis 981

111111 5011 15111 11 [9411 5011 511 liberalitas 71 9111
60111911691711] 1111111115911]11111171111118111

11111119511581191 l
16711118811711 iudicium 401 7011 6011165118811 l

116911] 1111111114811] 1811191193196 ³
ἡ ⁸¹⁸ ¹⁸ ¹⁵²⁰ '³3⁶ 1111111913οῃ *m 3⁷81?83⁸943?1⁷53333

 

