111. INDEX VERBORUM 101

inimicus 14983164 insania 1711 l 1711 1816 8114 81
16 [696 641416] insensibilis 666 l 11636113716411
[iniquitas 6916] insequor 4619 48 11 49 1 6 16 60 3
[iniquus 7311] 1611116616111416161 664 666 6311 661
161116161611171 16613616616111644 7016 71611 7116
initium 14166111 6476 671 8116 746 761611 [4914]
161661861911 [7614] insinuo 484 776 116166116617
inlecebrae 186 3111 insperatus 7616 ¹investigo 191 416
16116161616 inspicio 1916 ’ 6416

inligo 117 1716 instigatio 686 [ 161116 101 6114
inlumino 3011 1661166161 886 4316 invitus 316 8116 39
inluvies 6714 6616 6411 16 406
inmaculatus 481 16611116 1916 invius 186
1616611116 8911 institutio 161 involvo 606
inmerito 1616 institutum 1811 1614 [iocunditas 6916]
1616661116 186 3113714 6611 7716 [1666616466]
inmitto *6011[16] 1661166 8011 ipse 3111616 66 716
inmortalitas 441 601 integer 141 1611 191 16 61616 1011 146
1663166111671 311448160461 1116110161111
696 1614 16 14111616 3111
inmortalis 446 4611 intellego 1414 1614 33111 3611 36 411
471 6616 6661611 intempestus 7016 4114 4316 46116
6816 6914 614646 [1616616694] 491 661616 6611
66414 7116 7711 16166116136 611116 661616 63
786 16161106161166 616116916 7114
inmundus 1611 331 646 716 7616 60116
[inopia 4616 6116] intercipio 1611 [4611 4911 61 1616
inpatiens 166 interdictum 796 7311 74 161614 76
inpatientia 81 1916 [interficio 466 6816 1111 771 6011]
116 611 6114611] 111131 146 304 [11
16611661161611 interiectus 106 461 11616]

inpono 411 4916 701 interim 6111 iratus 7 16 61 16 11
716 [6816 7916] interimo 176 696 7916

inprobitas 13111611 [77 6] 16 31416 611 611
3111 3916 466 6616 16161161 1616 4311 1016 1141111114
inpudicus 1016 116 16161616111168164611 161416 171111 16
inpugno 141 {interpretor 3166116 141011116111
inpurus 1016 111 31 'interrogatio 6111 16 11 131 14161611
16 604 interrogo 791 1641611611 16
inquiro 616 1914 37 intimo 164 496 161716 161 1916
11 436 [4611] 16116 3311 3716 6916 331113416111611
inquisitio 606 16116 604 361616 86611 3911
inquinans 44117816 [1611666 6116 11] 41 16 11 44 11 46 1
inreligiosus 394 invenio *11631611 4614716491606
inretitus 696 p minimulum 16 6111 61161116 63
’16118661 , 111916104111111 6 6716 6616 69

 

