96 ΠΙ. INDEX VERBORUM

111111111111841 11117411111111[11116118111861]
1111116611111 11111176111111111116611
116611111111111 1111111111111111 excidium 641 761
11118711168111 761117711111 8111

11 661111111111 1111111111111111 excipio 6611 [1811]
1111401111111 1111111111781111111611611 1
111111 4111111 46 7611111111 80111 excludo 4611 6611 i
1111461111144 1111111111111181 *excogito 461
11111111111111 11111111111111111111116111
461111111111111 86111111] . *111111111111161161
46111111 11 4711 ethopoeiccue 661 excrucio 168
1111481114611 16111181 611 111 excutio 761
60111116111111 16111411 17111 exemplumixieie
66111166111111 18116611661111 1118018111681 ,
11641116616611 681180161118611 6011 ’
1167111111 681 64166118611401 1111166111 641
11111166111160 4111461441146 *1111611681
111111111611111 11481146161111 11131111144116611
1166111111111166 6711 6611 641 66 exilium 1711 6011
11111166111111 1111 6711 661111 [existimo 7611]
671111111111681 06117011711174 exitium 611 71 81
66111111117011 1176111771111 64116811601661
11111117111761 76118111[741111] 861186111111461
1111 761111 74111 111111116611 461 6811 6611 68
76111111 76111111 evangelicus 6611 461 1111 741 7818011
1177117811111 111131111114611461,11ἰ6111871861 4611
11 7611111 801 117611[7711] [6011
11118111111111111161118611 [111161611811

11 86111111111 1(1)8111161161711 1111611117116811
861 [4411111146 8111101141111 811111
11114611114811 1611161111116011111111011
1111111111111146 11111611111166111111111701
11111111111160 111 661 6811 661 expavi 7611
116111111111111 11861111116611111111614611118111
1111661111111 64111186116611 [4611]
111111111166111 1111 8711111 881 expio 6611
11111111661111 861401141111111111111461
111111111116111]1146114811481[11111111661184161
1111 661111111] 66167168116011 11681166111
11661111111116 661661166116811,1111111161
111111111111111166111701711[66;[111116117411]
1111111111641111116611661111“11111116611
111111111 6811 6411*766 741176 [exsurgo 61111111]
11111 711111111] 118111] Ι1116111111 66111671
1111111111111116 exegiio 1611681 701

1111111111 7611111111 101 [[116111111761]

 

