111. INDEX VERBORUM 95

614111111591161 11111111141 651 4611 714 ef.
1411 621111 641111 'efficio 11 ud 6411
11117114761174 effigies 6111 epulor 2211
11 771111111 7811 effrenatus 601 11111111 78111]
7911 8111 11 8141] offundo 7111 eredo 7111]
[domus 761111] [egeo 4511] ergo 141111 5811
(1111111761 1311111114111 [647 766] ⁴
1111171 2511 1611 131161[46114711 erigo 7111614 441
11471601 5011611681171 47146011611156
donum ’1111681 1177111](11’1611111) 1111164411
8111 [egredior 4811] [eripio 771]
dormio 611 egregius 1411 [erogo 7411]
6111156116841111 eicio 2614 11117111811116
[111] 11111 1611 11 1811 604 6111
dubitatio 751 1111116211[661] 6714416616911
1161616121112611111111111111611114 1176117911
ducatus 101 7116111011111111116171811111
duco 1511201111 1516147611 1411221411261124
241111271291601 11111261116611471 111117161116911
65117011148111 791[6011] 1141141114511
[494 711] 'emergo 211 4911651 6811 7911
dulcis 461114 701 11111111411 1111111111 111
[4611] eminens 641 1111116111 461[111]
dum 1111 181 [emo 761] 11 *211 6611111 411
611111161161171 emptor 6611 1411111111 61114
6114564[7711] 11661166141111 111111611111114
duodecim 4011 [enarro 7111] 11 71 1 11 11141111
611111611611611111116111411117 8191111141011
601111 11111811112611 111111111111114
dux 2111 60116111661111 111111111111121
64116611671168 111116111141
libdomoe 661 14 411 4611 4411 11161111111111
1611111181 451111461111148 11161141111111
[161111116911] 11114911116011 11141711111111
1111*291149146011 51111114661166 11181411111111
6111179180114 11168116911621 6011111111114
11[45415011511[11661166116611, 1111111111111
11116611664641 68171117217611 111111111116111
711111] 74476117611774 11112411111411
11111111481[14] 1111117811171111161111112611111
edietum 1714 6014 8041181111[671 171111111111118
6111 4111761111741761] 114111111111419
[odo 4611] enumero 281 14111 60411114
effemino 10 *1111 17 11 (ire) 66 11 [66 11 1411 111114 61114
11111811 641811111] 4111111111111 66
1611116611 111111161116411141 11111166111114

 

