92 111. INDEX VERBORUM

111111111181 coquo 1911761 Ι 111111911301 ,
consuetudo 3311 111131 16111 171 3511 38111
11111118111911111 [531 7411 7711] crudelitas 1511 1711
consumo 15114111 [1111117111] 17167118111
6911 cornu 55111111 56 cruento 67117111
contagio 1311 1711 111111 5711111 cruentus 131171111
5311681 [55117111] 3013711
contuminatiollotoc 111111171110131 cruor 331 671111
1111111111011441 11[7411] 7111

55157117311 1111111101 11115611111571 ¹

[contemplatio 5111] comus 1111 5111 661631701111
contempno 8511 39 011 101111 1111[[111)1111111 1311]
11431441531165 1111411111111131 cubile 3011

11 561 7611 781 1411611181133 1111115011
contemptun 431 1111 3111111 3511 cultor 161

contendo 341 33133111401531 cultus 311
contentiosus 3111 61166111671131 cum 1111111111. *31
1111111111711381 11[751] 111 51111 61111 1
111111111711571 111131511191115 7111111811113
1111111111141*3311 111811 3311 531 1111111151 171
4116311 65117911 [ 181 1311111111
contio 1311 corrumpo 111 1511 10111117130131
contre 171111 191 131111113115711] 113111331111 34

101111 1511 311 [6311] [11111 391111111

3711331153160 corruptor 19111
11611 7011 7811 11111111113113411 5011 5111 5711
8111[511151175 35113811391 5816111164165
ic] cottidie 1711 33117 11 671111 631111 ,
contrarietas 311 4115511 = 63117117411731
contronius 31 141 *1111111131 c [43116311711173 ’
33116411 credo 61 111 1111] 1175111]

11111111111601176 1511 171111111111111111111111151
11731 11311461153111 711 3111111111
111111111113111411 63170111 [4611 117 101111 1111 1711
111111514416411 5011] 131 10111 1111
convalesco 3311101 11161111111671 , 11111111311161
131 111116111111391]11113113411351

1111 141111 4311

convello 611 6711 11114611 501 54
convenio 111 151 *1111311 11551159116011
171 7311 74117311 crepundia 1511 171 6111 6611 11 6311
[5311] 1111111101 11 7011 731 3011
conversatio-3712 4711 enimenin 1111301 [6311 6111 7111]
converto 531 631 73118011 cumulo 1513111
[6011] 1111111011 10115511 cunctus 331
1111111 1311 criobolium 7111 cuneus 10118111
11ρί1811861 1111111111611 17113 11111111141113111

 

