90 ΙΠ. INDEX VERBORUM

biformis 666 [capillus 6816] chrislus 6811
blandior 246 2816 capio 1710 90 66 266 616664014366 441
6966 ¹ · 286396140166816 664611 4666 6161
bonum 461 [4660] capitalis 196 cicatrix 610 66
bonus 6061 [626] 66111111666016 *cinaedus 1716
bos 1210296 3060 captivus 6610 cinis 376 396 636
[6166111611 626] 661614666661016 611667661911706
161161911666 13132114666 666 [696 766]
61616113811 [611 626 8311 74 61166166 966 1766
61 766 1116] circumfluo 911
Cadaver 161 carcer 326 6116111616 2619
6111166016 61618216 carmen 17611 circumvenio 606
[68 61] carnifex 69 6 61616 17 6
caducus 616 231116 [66104616] · 611161910
606 7066 741 ‚carpo 2616 civitas 2011616 21
caedas 296 881 [826] Ι [cassia 6916] 16 16 2611 69 16 81
caedo 2416466911 castigo 341 601 6161 [48 16 496 81
16167016 6661116366 66 826 6]
caelestis 2311 3666 casus 66 296 301 clades 1668666
46164661471168 81616 3616 39141 616116 821[7616]
116611 626 7311 1616 4466 4366 7216 clamor 1666 2016
8216 caia 4616 49616 [claritas 666 6411
6661611966106301 cataclysmus 6966 7716]
4011 411 606 6916 calena 3016 clarus 6666
606 62111 66 66 666116 201 claustrum 60 61 821
7011168266 [48 as causa 436 61666616 781
496 8316467716] cedo 7616 [616116 64 6]
[caeli plur. 666] celer 2016 6161166116 8618266
6616111166 216 4167 celeritas 676 681 [clibanus 376]
ao 96 111616 166 cella 866 6161168011
21112366301786 661671186961111]6116666131
calamitosus 476 2716 [8116] 66616 3616
66166 6016 8267616 cena 1116 coepi 616 341 4116
caligo 4716 816 centesimus 616 741 coelus 4316
calliditas 606891 6611116116 6714 cogitatio *216 361
callidus 276 66116866811706 136 286666 2716
calor *616 61611 *6611666146 866 6716 [6666]
[48 66] 66116 *3 66 66 681 [cogitatum 7111]
[candelabrum 8811 66116 266 3416 603110 2410 [7111]
16] 661166 616 286411 66616666 4311 606
caninus 416 641 6611 716 6216 [7116 78 6]
66116 61 cervix 1016 4666 cogo 8616 371
cano 4816] 661611 316 766 2011 66166166 4016
6116616161] ] 6611661111 661 6616111111
[66116 72 6] 8616 601166 2861
666166116176 16161661064916 6611136361611816

 

