118 ΠΙ. INDEX VERBORUM

1111166 6614 116141116111161]16911146111666
116164 614[491811] Ι6411

11111111 1616 1411 [11116 16111016 111
usque 161 [481661 ι 33161910 314[311
14 666] 1116664 441146111149111
1111861[7616] 111111111816 884 116366 711111 11
1111*11 416 6111 vagus 411 117711]

16 66 7161111 811 valitudo 6611 1111111611 6111]
101111 91111 111 vanitas 6811 ventilo 6111]

11 111161111 1611 11111111 1111166 ventus 911 [6111]
11411166101114 11861611464 111111114111

11 161411 1111614 vapulo 764 verbum *41 641 606
181111110111116 varietas 181101 61116411661181
111 181111 1414 11111161116116 161[6616611]
111611111611611 1116116647111 16116111116111
1711111118111911114 vergo 6111 611Ι
1111 801 6111111 111111116116166611] veritas *16 141 1111
11 8111111 864 64 vehiculum 101111 6116 661 6416 411
1186114616114111*61104111111 16416661
681111116 694611 10111116161911 1116 611 811 1116
111616 4011 4116 10 69114614416 14111187116611
4146146111441 61116111171161111111141666
461 4611114 4111 781 [76 1] [1111366016

11 4861 606 6111 velox 1011 1111164116

6111 6641114 661 1611111611 ,1111146

11 666 6111111111 [111114016 481614]111·11 6111 111 811
*116811114111116 6611] 161611111114111
601111111111611111161441 fl 1614948141601
6811116416 661 1116161411 g 6011 6661 711
16 66116111416 67 vendo 8611 1411 ῑ [781]

11 68111111 69 411 venenatus 661 6816 ¹ vescor 161 8416 664
11706171111111 6714 vespera 1016

14 1614116 16116 venenum 171 4611 1111111111911111
111161611611761 46114611681166 111616418161611
80111181111861 16671116 141411114111111
[6416671491161 venerandus 66 60111 16118116611641
1111 6616 691666 6111 4611 4616 48] 6716814 8611661
1111111111741611 11649146611114 1164111166111
11181801814] 611114 6111 669 6611166811111111
1111111 114 861111 644661 66111411 161161411 7911 81
8111 [6611] 67166116111611 4111811116161116
[1161116411] 11117611111111 11 [46116111 811
utilitas 401161 784117918111 141611801]
utinam 161111 1116 vestigium 1611 661
utique 1711 [1111114116 101671 761 7814 8011
1161671 [11111614981101161113661

 

