. [dextsr 696 63 66 66

94 IIL INDEX VERBORUM

79616 73666 7416 differo 3666 *7966 1116111636136146
16 76661166 771 111161116986 4616 6918916
7861 7916666 8016 diffundo 691] 1116676611161961

8166 89616166166 113661166716 46 66 [16]

61[346ο36669611 [111111673117916] 111116611196146
6716 6867166796 dignatio 3016 61611166110691
611731674616666 116111669411663616 6111961936 9466
7661116616166 76 60166611 39117816
161666 77166161 dignus 1961 19696 divinans 9811
6166 7861666 7916 6696113116[796] *divinatio 96
80666 8116166661 1116116619 66 divinitas 911 6111
891] [111661166616]] 641 7066
161616 311 diligens 141 9916 divinus *41 611 76
1616116606 [8961 3711436606 996693116 9666
dovotus 9716 316 776 [1111136 6916 77 6161] 391 341611 36 66 46
1116166 96 ’ 116 46 66 4716 46 11
64167166] 11118690664016666 6616 67166668 16
11616116916111661 [11666116 7661] 6916 6361108661
19616336341666 16661161818116 8966 716673611
4316 63111 6666 1166111116996 4316 617411 7766 7916
67116811661667 ’4963466 8016 8916 836
,6691701616 discipulus 641 divisio 1311416
diadema 6916 11666 986 996 3016, 11111166 19 66 4116
dicatus 3911 31163916 3316 361 16 966166 461 6011
1166966167681666 *3811396431466 6416616 7411 771
961161016191611 4766616 60161616 [616 631 646 7461
161416 1916 9916 6966 7016 7868016 766677168166896]
16 93116 961 9316 8166 16666 3111 6416 73
986 3916 331116 *1116616116 911 66 [6416]
3466 37113816 40 discutio 606 documentum 686
16 416166616 49 dispensatio 3916 161611616 1916 91
61431116 466 47 ’11666166996 6169316461
16 4816 6966 666 [disperdo 6111801] 1611161616
6716 6116 336 666 dispicio 81 46616816 domesticus 366
66616716 6816 69 dispono 691 dominatio 636
1616 7316 7416 79 dispositio 936 6716 dominicus 376
16 [34 61 466 4916 6916 6916 6461666 dominium 786
6066 6116 6366 64 dissentio 196 3716 1061116166164116
16 71117967411 76 dissimulatio 8016 *60 66 63 6 [6416]
66 77117916811661] dissolvo 1416 191 dominus 1161 9616
dies 616 10666 93 11666116 16 66 9611991301134
16 9416 4011416 11116161716186 1661 466 6066166
4716 486 6316 60 191 666 386 3911] 6616 6616 6916 666
66 611166 681116 11601680111689114 71116 771661 8161
7066[3766166636 diurnus 611 ⁴ [3764411461116
641168679168066] 1116161166631696 j 1166 496161 6066

 

