104 111. INDEX VERBORUM

meditatio 305[51 15] 151551 *214 415 515 15 2315 241515 25
[meditor 5951] 51581559151115 15 301555 3215 395
5511552051391115 2155 2215 234 35 4314 441 4355 52
[6315 3415515555 515 33535153815 115515 58551414
5555 5515] 39511 4315 4455Ι 681515 5015 [6355
medulla 4515 4514 46555 455 641535555118115]
1551151 3115 3955 5555 58515 6015 51515615 81511 91
[5315] 6551551 685 695 1515155131519
membrum 455 115 51 521115 534 55] 1521522423524

155555 185 2255 1556555815 [1415231125128 ’

245 46 55 521554 51551551555515 651 55 291 30555 3115
5853115 · 1014211315395 15 32538551 39
memoria 3255 43515 45 4415 455 465

memoro 2815 [151551551 82 5] 455 5514 55 55 581 ,

mene 355 915 1115 511551155111151115 25 60111515 6151 625
145 1515 235245 15 551 6311 5915“ 661515516814 52
2515 2515 31515 825[5] 15 545 8015 [625
32539554 42164 mitigo 165 14 55 21 645]

55 53555515 3254 15 2415 325 46155115115145111515
mensa 2955 6015 = 2345 4211 4655
mentior 154 1511155 615 2414 434 5851 [5351]
meroes 2355 3011 l 8215 [491511 641515511511155 515 855
6851 5565155154561152] 545

meretricius 2655 [54 8015 mortifer 3515
meretrix 23 15 [5454] · moderatus 805 15551915 23 55 2515
mergo 5815 ‘modicus 5315 motus 954

1151551-51155154151 111515 151] · 555 5515511 5514 1

meritum 19 ao 2615 modius 3215 ¹muliebris 1015 1415

messor 315 modus 1315 4615 155 215 2315

[5151 54 55] molliter 205 155115155555 315 ¹

metallum 561 gmoueo 4811 , 11 *5 5 125 15 15 19

5151555155*415 2514 monetales . 15 2015 21151555 ’

1515155551] mons 515 [454 orl 5515 5515

[metuo 4515 5515] 5 15] :multiformis 555
meus 241515 [4415 1555511555 135 25 multiplex 135 0954
515 641515 54151 ao 305 3655 4115 [551551155825]

55 5] ] 5015 511 565 585 55151951511555155
minax 1554 ῐ 591515 6015 6311]1511111151155 515 661
ministra 1511 [1115Ι 6515 5155 535151 535 [6351]

minor 4115 4815 58 541 5515 5515 5850 mundus 505 565 15
minuo 4111 monstrosus 121 3055 [4515 5215]
[minutatim 521] 'monstrum 115 munio 5011
[minutus 5215] ἱ5151155111551152855 15555516112425 49
mirabilis 515 595] mora 1955 615 γ15 504

5115555 2311 635 [44 morbus 39 54 401 murmur 5515

15 8055] 1115115185 1655 22 5151553015

 

