111. INDEX VERBORUM ' 107

11111111111481561 parricidium 27 1 11 t penso 461
761 388 397 penus 354
01111111011[*7410 pars 51 911 101 11112111 411 511
01103818211[7411 1314110151116 611711111110141
511814610551604 1121125113311 1601114171118
6216714 731[63 37114314671169 1120111121111
1171107411] 11 7811 [5244] 23111124112611
01113511361111 particeps 161 321 1127128130410
011111051118511 501541571581 33113414361139
324491111581621 6410 11401141145111
711 7711 [4911] pa1tioulatim 1511 461110 47111 48
ostentatio 1611 381 partitio 141 11151111115311
7410 parturio 3611 55156410571160
ovis 1111 [61 11 71 1] [parvulus 4811] 11 61111 6511 66
, 0111030113716711 115 691111 7011
passio 711 ] 11711172117614
Pabulum 4410 4514 1111111111 1511111 7811 80111 8111
664 164111111914 30 [6317111771]
paedagogus 1611 11 3711 38111111 percipio *41 [7311]
paene 2911 411 661 411 441111 481 58 *percussor 2511
7614 ,116011 6211 6410 percutio 2311 2511
poenitetia 811 11 [1] 3014 5345111 6811
11 801 [6411] [111111112811 7711 7411 7810 [52111
paenitentia 511 710 patientia 577 651 771
1111 1111018410111111 1116111043ιο
[1111115210] 14116112811401 1116110121151251
pampineus 1711 651 10 2911 3111 3311
1111ρί1041521 patria 1711141911 3914614 6814691
pando 1514810401 2111 011605117111114
51115814 patriarcha 321 701 271 3111137111 39
0111144110114511 patrius 321 14 421114516511
461 [3411 351 44 paulatim 431 11 6611 6711 691
1146117111] paululum 241654 721176117811
parbe'131209226 ρ111111711361 perduco 2719 5811
461571581 6210 pauper 4514 [7111]
661111 6810 paupertas 4511 peregre 1511
paradisus 6514 pax 831 peregrinusleuselss
pareo 1910 2311 80 011111112811[7211] pereo 3911 5314 631
118111[8111] [11010712911301 8011
01110241133115711 35115317811801ρ115110*21014116
parias 5214 0111115101611[521] 14 *6811
paro 711 1111 1510 peous 1803317211 perflo 911
67 11 pello 17 11 pen‘undo 7211
perfluida 271 2311 0111101351 [111111102613511531
3811681 [pendeo 7711] 0111111113911
parricidalis 27 11 384 ponitus 8910 perimo 6711

 

